4.076957702636719e-05,120
0.0020928382873535156,120
0.0039577484130859375,120
0.005793571472167969,120
0.007612705230712891,120
0.009438276290893555,120
0.011253118515014648,120
0.013070344924926758,120
0.014879465103149414,120
0.016698360443115234,120
0.018512964248657227,120
0.02032923698425293,120
0.02213883399963379,120
0.02394390106201172,120
0.025754928588867188,120
0.027570724487304688,120
0.029390811920166016,120
0.031200885772705078,120
0.033011436462402344,120
0.034819841384887695,120
0.036633968353271484,120
0.038442373275756836,120
0.040251731872558594,120
0.042073965072631836,120
0.04388165473937988,120
0.04569077491760254,120
0.04749584197998047,120
0.049303531646728516,120
0.05111432075500488,120
0.0529475212097168,120
0.054754018783569336,120
0.056565046310424805,120
0.05836915969848633,120
0.06017780303955078,120
0.0619962215423584,120
0.06380438804626465,120
0.06561517715454102,120
0.06742119789123535,120
0.06923413276672363,120
0.07104277610778809,120
0.07285404205322266,120
0.07465672492980957,120
0.0764768123626709,120
0.07830071449279785,120
0.08011746406555176,120
0.08216166496276855,120
0.08399748802185059,120
0.08580780029296875,120
0.08760833740234375,120
0.08941006660461426,120
0.0912015438079834,120
0.09299468994140625,120
0.09478378295898438,120
0.09657406806945801,120
0.09836173057556152,120
0.10014867782592773,120
0.10193872451782227,120
0.1037285327911377,120
0.10552620887756348,120
0.1073148250579834,120
0.10910367965698242,120
0.11089277267456055,120
0.11268377304077148,120
0.11447334289550781,120
0.11625957489013672,120
0.11806058883666992,120
0.11984658241271973,120
0.12163615226745605,120
0.12342357635498047,120
0.1252126693725586,120
0.1270008087158203,120
0.12879085540771484,120
0.13057780265808105,120
0.1323697566986084,120
0.13415789604187012,120
0.13594269752502441,120
0.13773465156555176,120
0.13952279090881348,120
0.1413123607635498,120
0.14310169219970703,120
0.14490056037902832,120
0.14668750762939453,120
0.14847803115844727,120
0.15026545524597168,120
0.15205073356628418,120
0.15393447875976562,120
0.15574955940246582,120
0.15755510330200195,120
0.15935087203979492,120
0.1611497402191162,120
0.16294240951538086,120
0.16474056243896484,120
0.1665339469909668,120
0.1683332920074463,120
0.17012476921081543,120
0.17191410064697266,120
0.1737043857574463,120
0.1754920482635498,120
0.17728447914123535,120
0.17907285690307617,120
0.18086576461791992,120
0.18265628814697266,120
0.1844475269317627,120
0.1862328052520752,120
0.1880207061767578,120
0.18981313705444336,100
0.19160127639770508,100
0.19339346885681152,100
0.19518065452575684,100
0.19697093963623047,100
0.19875741004943848,100
0.200547456741333,100
0.2023334503173828,100
0.20412278175354004,100
0.20592069625854492,100
0.20770835876464844,100
0.20950078964233398,100
0.21128463745117188,100
0.2130753993988037,100
0.21486234664916992,100
0.21665048599243164,100
0.21843981742858887,100
0.22022604942321777,100
0.2220163345336914,100
0.22380447387695312,100
0.22559618949890137,100
0.2273879051208496,100
0.22918128967285156,100
0.23096966743469238,100
0.23276138305664062,100
0.23454880714416504,100
0.23635172843933105,100
0.23814034461975098,100
0.2399272918701172,100
0.24171829223632812,100
0.24350571632385254,100
0.24529623985290527,100
0.2470839023590088,100
0.24888110160827637,100
0.2506675720214844,100
0.2524571418762207,100
0.2542457580566406,100
0.25603199005126953,100
0.2578270435333252,100
0.2596149444580078,100
0.26140856742858887,100
0.2631967067718506,100
0.2649874687194824,100
0.26677513122558594,100
0.26856565475463867,100
0.2703530788421631,100
0.2721385955810547,100
0.2739274501800537,100
0.2757141590118408,100
0.2775135040283203,100
0.27930188179016113,100
0.2810935974121094,100
0.2828843593597412,100
0.28467726707458496,100
0.2864649295806885,100
0.2882511615753174,100
0.29004907608032227,100
0.2918365001678467,100
0.2936275005340576,100
0.2954106330871582,100
0.29719972610473633,100
0.2989840507507324,100
0.30077552795410156,100
0.3025641441345215,100
0.30437278747558594,100
0.30616021156311035,100
0.3079488277435303,100
0.30976414680480957,100
0.3115551471710205,100
0.31334924697875977,100
0.3151376247406006,100
0.31693196296691895,100
0.31872010231018066,100
0.3205101490020752,100
0.3222954273223877,100
0.3240830898284912,100
0.32587480545043945,100
0.327695369720459,100
0.3295097351074219,100
0.3313024044036865,100
0.3330988883972168,100
0.3348867893218994,100
0.33667826652526855,100
0.3384685516357422,100
0.3402578830718994,100
0.34206128120422363,100
0.3438715934753418,100
0.34570765495300293,100
0.3475341796875,100
0.34934091567993164,100
0.35114574432373047,100
0.35295557975769043,100
0.35475707054138184,100
0.3565704822540283,100
0.35837364196777344,100
0.36017513275146484,100
0.3619825839996338,100
0.363847017288208,100
0.36566734313964844,100
0.36756014823913574,100
0.3694190979003906,100
0.3713705539703369,100
0.3733377456665039,100
0.3751809597015381,100
0.37709927558898926,100
0.37894511222839355,100
0.38076114654541016,100
0.3825650215148926,100
0.3843667507171631,100
0.3861653804779053,100
0.387955904006958,100
0.3897538185119629,100
0.3915531635284424,100
0.393352746963501,100
0.3951454162597656,100
0.3969409465789795,100
0.39873647689819336,100
0.4005312919616699,100
0.40232396125793457,100
0.4041149616241455,100
0.4059128761291504,100
0.40770626068115234,100
0.40950918197631836,100
0.4113013744354248,100
0.4131035804748535,100
0.41489386558532715,100
0.4166884422302246,100
0.4184837341308594,100
0.4202733039855957,100
0.42211031913757324,100
0.42390012741088867,100
0.42569494247436523,100
0.4274861812591553,100
0.42928218841552734,100
0.43107175827026367,100
0.4328649044036865,100
0.43465757369995117,100
0.43645143508911133,100
0.43824076652526855,100
0.44002866744995117,100
0.44183778762817383,100
0.44362592697143555,100
0.4454193115234375,100
0.44782423973083496,100
0.45619845390319824,120
0.4633157253265381,120
0.4697599411010742,140
0.4741475582122803,140
0.48091650009155273,160
0.4847719669342041,160
0.49123048782348633,180
0.49503254890441895,180
0.5017127990722656,180
0.5055179595947266,200
0.5119075775146484,200
0.515662670135498,200
0.5221786499023438,220
0.5259037017822266,220
0.5313816070556641,240
0.5351552963256836,240
0.5406770706176758,240
0.5443985462188721,240
0.5497479438781738,260
0.5534138679504395,260
0.5587177276611328,260
0.5624067783355713,280
0.5686631202697754,280
0.5746068954467773,280
0.5819919109344482,300
0.5909452438354492,300
0.597252607345581,320
0.6034300327301025,320
0.6087648868560791,320
0.6151998043060303,340
0.6216440200805664,340
0.6259737014770508,340
0.6322457790374756,360
0.6358652114868164,360
0.6427297592163086,360
0.6464385986328125,360
0.6516811847686768,380
0.6553850173950195,380
0.6607439517974854,380
0.6644682884216309,380
0.6697084903717041,400
0.6734144687652588,400
0.6787357330322266,400
0.6823949813842773,400
0.687666654586792,400
0.6912963390350342,420
0.6979682445526123,420
0.7016162872314453,420
0.7069463729858398,420
0.711268424987793,440
0.7165729999542236,440
0.7201838493347168,440
0.7254595756530762,440
0.7290041446685791,440
0.7341392040252686,440
0.7419478893280029,460
0.7518250942230225,460
0.755742073059082,460
0.7610073089599609,480
0.7649497985839844,480
0.7703971862792969,480
0.7743079662322998,480
0.7815704345703125,480
0.7844493389129639,480
0.7883174419403076,500
0.7917788028717041,500
0.7960965633392334,500
0.7986440658569336,500
0.8011264801025391,500
0.8036363124847412,500
0.8060743808746338,500
0.8086764812469482,500
0.8112509250640869,500
0.8137238025665283,500
0.8162193298339844,520
0.8187098503112793,520
0.8214187622070312,520
0.8240327835083008,520
0.8268435001373291,520
0.8297874927520752,520
0.8326799869537354,520
0.8355801105499268,520
0.8384683132171631,520
0.8410751819610596,520
0.8440990447998047,520
0.8468954563140869,520
0.849541187286377,520
0.851485013961792,520
0.8533475399017334,540
0.8551838397979736,540
0.857001543045044,540
0.8588118553161621,540
0.8607687950134277,540
0.8626968860626221,540
0.8645398616790771,540
0.866431713104248,540
0.8682730197906494,540
0.8701086044311523,540
0.8719182014465332,540
0.8737397193908691,540
0.8755710124969482,540
0.8773972988128662,540
0.8792204856872559,540
0.8810412883758545,540
0.8828442096710205,540
0.8846502304077148,540
0.8864645957946777,540
0.8882725238800049,540
0.8900942802429199,540
0.8919026851654053,540
0.8937089443206787,540
0.8955047130584717,540
0.8973164558410645,540
0.8991193771362305,540
0.9009358882904053,540
0.9027440547943115,520
0.9045515060424805,520
0.9063634872436523,520
0.908165454864502,520
0.9099845886230469,520
0.9117889404296875,520
0.9135940074920654,520
0.915398120880127,520
0.9172024726867676,520
0.918997049331665,520
0.9210031032562256,520
0.9228618144989014,520
0.924685001373291,520
0.9264931678771973,520
0.9283123016357422,520
0.9301223754882812,520
0.9319262504577637,520
0.9337522983551025,520
0.935560941696167,520
0.9375097751617432,520
0.9393060207366943,520
0.9411091804504395,520
0.9429049491882324,520
0.9447050094604492,520
0.9465420246124268,520
0.948439359664917,500
0.9502756595611572,500
0.9521408081054688,500
0.9539763927459717,500
0.955772876739502,500
0.9575719833374023,500
0.9594001770019531,500
0.9612035751342773,500
0.9630365371704102,500
0.9648630619049072,500
0.9666640758514404,500
0.9684603214263916,500
0.9702968597412109,480
0.9721691608428955,480
0.9739892482757568,480
0.9757912158966064,480
0.9776484966278076,480
0.9796562194824219,480
0.9814796447753906,480
0.9832813739776611,480
0.9850873947143555,480
0.9869303703308105,480
0.9887440204620361,480
0.9905457496643066,460
0.992363452911377,460
0.9941573143005371,460
0.9959466457366943,460
0.9977505207061768,460
0.9995503425598145,460
1.0013525485992432,460
1.0031507015228271,460
1.004951000213623,460
1.006746768951416,460
1.0085413455963135,460
1.0103380680084229,460
1.0121328830718994,440
1.013927698135376,440
1.015721082687378,440
1.01751708984375,440
1.0193071365356445,440
1.021101951599121,440
1.0228962898254395,440
1.0246970653533936,440
1.0265049934387207,440
1.0283143520355225,440
1.0301129817962646,440
1.0319008827209473,440
1.033742904663086,440
1.0355420112609863,420
1.037337303161621,420
1.0391387939453125,420
1.040940284729004,420
1.0427372455596924,420
1.0445339679718018,420
1.0463294982910156,420
1.0481228828430176,420
1.0499184131622314,420
1.051713228225708,420
1.0535130500793457,420
1.0552992820739746,420
1.0570971965789795,420
1.058889627456665,420
1.06068754196167,400
1.0624885559082031,400
1.064300537109375,400
1.0661005973815918,400
1.067887544631958,400
1.069687843322754,400
1.071481704711914,400
1.0732793807983398,400
1.0750796794891357,400
1.0768952369689941,400
1.0786900520324707,400
1.0804898738861084,400
1.0822818279266357,400
1.0840928554534912,400
1.0858917236328125,400
1.0876870155334473,380
1.0895164012908936,380
1.0913100242614746,380
1.0931107997894287,380
1.0949087142944336,380
1.0967020988464355,380
1.0984914302825928,380
1.1003127098083496,380
1.1021089553833008,380
1.1038970947265625,380
1.1057157516479492,380
1.1075103282928467,380
1.1093015670776367,380
1.1110937595367432,380
1.1129264831542969,380
1.1147170066833496,360
1.1165242195129395,360
1.1183161735534668,360
1.1201043128967285,360
1.1219205856323242,360
1.1237196922302246,360
1.1255364418029785,360
1.1273255348205566,360
1.129120111465454,360
1.1309120655059814,360
1.1327061653137207,360
1.1344959735870361,360
1.1363043785095215,360
1.138098955154419,360
1.1398861408233643,360
1.1416888236999512,360
1.1434805393218994,360
1.145272970199585,340
1.1470627784729004,340
1.1488673686981201,340
1.150658130645752,340
1.1524617671966553,340
1.1542632579803467,340
1.156066656112671,340
1.1578752994537354,340
1.1596729755401611,340
1.161484956741333,340
1.1632778644561768,340
1.1650853157043457,340
1.1668810844421387,340
1.1686763763427734,340
1.1704697608947754,340
1.1722602844238281,340
1.1740708351135254,340
1.1758687496185303,340
1.177685260772705,320
1.179481029510498,320
1.1812872886657715,320
1.1830828189849854,320
1.1848907470703125,320
1.1866841316223145,320
1.1884758472442627,320
1.1902658939361572,320
1.1920502185821533,320
1.1938450336456299,320
1.1956379413604736,320
1.1974296569824219,320
1.199223518371582,320
1.201038122177124,320
1.2028367519378662,320
1.2046291828155518,320
1.206416130065918,320
1.2082037925720215,320
1.2099981307983398,320
1.211794137954712,320
1.213587760925293,300
1.215376853942871,300
1.2171695232391357,300
1.2189593315124512,300
1.2208688259124756,300
1.222702980041504,300
1.2245376110076904,300
1.2264783382415771,300
1.2284090518951416,300
1.2303099632263184,300
1.232128381729126,300
1.2339446544647217,300
1.2357456684112549,300
1.2376317977905273,300
1.239485740661621,300
1.241302251815796,300
1.2431728839874268,300
1.2450144290924072,300
1.2468342781066895,300
1.2486495971679688,300
1.250605821609497,300
1.2524924278259277,300
1.2543280124664307,300
1.256134033203125,300
1.2579381465911865,300
1.2597365379333496,300
1.2615368366241455,300
1.2633275985717773,300
1.265127420425415,280
1.2669248580932617,280
1.2687201499938965,280
1.2705104351043701,280
1.272308588027954,280
1.274101972579956,280
1.275895357131958,280
1.2776875495910645,280
1.2794749736785889,280
1.2812676429748535,280
1.2830564975738525,280
1.2848479747772217,280
1.2866380214691162,280
1.288435697555542,280
1.2902250289916992,280
1.2920172214508057,280
1.2938120365142822,280
1.295600414276123,280
1.2973964214324951,280
1.299184799194336,280
1.3009767532348633,280
1.3027665615081787,280
1.3045566082000732,280
1.3063445091247559,260
1.3081321716308594,260
1.309926986694336,260
1.3117151260375977,260
1.313509464263916,260
1.3152964115142822,260
1.3170866966247559,260
1.3188769817352295,260
1.320673942565918,260
1.3224632740020752,260
1.324251413345337,260
1.3260536193847656,260
1.3278417587280273,260
1.3296399116516113,260
1.3314259052276611,260
1.3332147598266602,260
1.3350045680999756,260
1.3367972373962402,260
1.3385891914367676,260
1.340376853942871,260
1.3421647548675537,260
1.3439528942108154,260
1.345743179321289,260
1.3475303649902344,260
1.3493192195892334,260
1.3511052131652832,260
1.3529033660888672,260
1.354691743850708,240
1.3564825057983398,240
1.3582758903503418,240
1.360067367553711,240
1.3618590831756592,240
1.3636474609375,240
1.3654398918151855,240
1.3672277927398682,240
1.3690185546875,240
1.3708090782165527,240
1.3726012706756592,240
1.3743896484375,240
1.3761765956878662,240
1.377967119216919,240
1.379765272140503,240
1.3816685676574707,240
1.383498191833496,240
1.3854000568389893,240
1.3872261047363281,240
1.3890380859375,240
1.39088773727417,240
1.3926923274993896,240
1.3944859504699707,240
1.396289587020874,240
1.398085355758667,240
1.399876594543457,240
1.4016695022583008,240
1.403458595275879,240
1.4052543640136719,240
1.4074397087097168,240
1.4092774391174316,240
1.4110925197601318,240
1.41361665725708,240
1.4158074855804443,240
1.4177887439727783,240
1.4196398258209229,240
1.4214789867401123,240
1.4233012199401855,240
1.42513108253479,240
1.426966667175293,220
1.4287898540496826,220
1.430589199066162,220
1.4323863983154297,220
1.4341778755187988,220
1.4359989166259766,220
1.4377915859222412,220
1.439579963684082,220
1.441403865814209,220
1.44319486618042,220
1.4450128078460693,220
1.4468295574188232,220
1.4486277103424072,220
1.4504191875457764,220
1.4522066116333008,220
1.4540395736694336,220
1.4558448791503906,220
1.457639455795288,220
1.459453821182251,220
1.4612674713134766,220
1.4630582332611084,220
1.464888334274292,220
1.466679334640503,220
1.4684710502624512,220
1.470259666442871,220
1.4720451831817627,220
1.4738383293151855,220
1.475625991821289,220
1.477419376373291,220
1.4792053699493408,220
1.4809954166412354,220
1.4827802181243896,220
1.484571933746338,220
1.4863595962524414,220
1.488142728805542,200
1.4899346828460693,200
1.4917221069335938,200
1.4935169219970703,200
1.495302438735962,200
1.4971208572387695,200
1.4989078044891357,200
1.5007009506225586,200
1.502488613128662,200
1.5042743682861328,200
1.5060715675354004,200
1.5078611373901367,200
1.5096533298492432,200
1.5114426612854004,200
1.5132336616516113,200
1.5150208473205566,200
1.5168116092681885,200
1.5186002254486084,200
1.5203890800476074,200
1.522174596786499,200
1.5239598751068115,200
1.5257585048675537,200
1.52754545211792,200
1.5293569564819336,200
1.5311453342437744,200
1.5329501628875732,200
1.534736156463623,200
1.536524772644043,200
1.5383172035217285,200
1.5401029586791992,200
1.5418951511383057,200
1.5436809062957764,200
1.5454816818237305,200
1.5472652912139893,200
1.549056053161621,200
1.5508434772491455,200
1.5526304244995117,200
1.5544168949127197,200
1.5562026500701904,200
1.5579948425292969,180
1.5597813129425049,180
1.5615696907043457,180
1.5633544921875,180
1.5651440620422363,180
1.5669305324554443,180
1.5687196254730225,180
1.5705060958862305,180
1.5723016262054443,180
1.5740916728973389,180
1.5758781433105469,180
1.5776724815368652,180
1.5794641971588135,180
1.5812656879425049,180
1.5830540657043457,180
1.5848453044891357,180
1.5866382122039795,180
1.588432788848877,180
1.590221881866455,180
1.5920071601867676,180
1.5938005447387695,180
1.5955846309661865,180
1.5973713397979736,180
1.5991582870483398,180
1.600947618484497,180
1.6027348041534424,180
1.6045215129852295,180
1.606308937072754,180
1.6080925464630127,180
1.6098830699920654,180
1.6116700172424316,180
1.6134722232818604,180
1.6152591705322266,180
1.6170501708984375,180
1.6188368797302246,180
1.6206307411193848,180
1.622417688369751,180
1.6242053508758545,180
1.6259980201721191,180
1.6277837753295898,180
1.6295723915100098,180
1.6313586235046387,180
1.6331472396850586,180
1.6349363327026367,180
1.6367239952087402,180
1.6385166645050049,180
1.6403138637542725,180
1.6421053409576416,180
1.6438915729522705,180
1.6456797122955322,180
1.6474666595458984,160
1.6492562294006348,160
1.6510460376739502,160
1.6528377532958984,160
1.6546261310577393,160
1.65641450881958,160
1.6581997871398926,160
1.6599860191345215,160
1.6617848873138428,160
1.6635708808898926,160
1.6653575897216797,160
1.667149305343628,160
1.6689536571502686,160
1.670741319656372,160
1.6725316047668457,160
1.6743199825286865,160
1.6761059761047363,160
1.6778976917266846,160
1.6796844005584717,160
1.6814820766448975,160
1.6832706928253174,160
1.685063362121582,160
1.6868486404418945,160
1.688633918762207,160
1.6904194355010986,160
1.6922056674957275,160
1.6939969062805176,160
1.695784091949463,160
1.6975743770599365,160
1.6993589401245117,160
1.7011492252349854,160
1.702939510345459,160
1.7047278881072998,160
1.7065155506134033,160
1.7083172798156738,160
1.7101099491119385,160
1.7118966579437256,160
1.7136874198913574,160
1.7154741287231445,160
1.7172632217407227,160
1.719048261642456,160
1.7208380699157715,160
1.7226288318634033,160
1.7244172096252441,160
1.7262039184570312,160
1.727989912033081,160
1.729780673980713,160
1.7315661907196045,160
1.7333581447601318,160
1.7351460456848145,160
1.7369375228881836,160
1.7387242317199707,160
1.7405128479003906,160
1.7422986030578613,160
1.7440922260284424,160
1.7458827495574951,160
1.7476682662963867,160
1.7494640350341797,160
1.7512552738189697,160
1.7530450820922852,160
1.7548298835754395,140
1.7566189765930176,140
1.7584044933319092,140
1.7601909637451172,140
1.7619805335998535,140
1.7637660503387451,140
1.765557050704956,140
1.7673428058624268,140
1.7691314220428467,140
1.77091646194458,140
1.772705316543579,140
1.7744941711425781,140
1.7763006687164307,140
1.7780935764312744,140
1.7798817157745361,140
1.781672477722168,140
1.783458948135376,140
1.7852551937103271,140
1.7870426177978516,140
1.788832664489746,140
1.7906215190887451,140
1.7924108505249023,140
1.7941975593566895,140
1.795982837677002,140
1.7977747917175293,140
1.799560546875,140
1.8013486862182617,140
1.8031375408172607,140
1.8049345016479492,140
1.8067197799682617,140
1.8085064888000488,140
1.8102929592132568,140
1.8120887279510498,140
1.813882827758789,140
1.8156702518463135,140
1.8174748420715332,140
1.8192665576934814,140
1.8210575580596924,140
1.8228559494018555,140
1.824648380279541,140
1.8264548778533936,140
1.8282475471496582,140
1.830052375793457,140
1.8318402767181396,140
1.8336377143859863,140
1.8354287147521973,140
1.8372218608856201,140
1.839010238647461,140
1.8408057689666748,140
1.842594861984253,140
1.8443865776062012,140
1.8461763858795166,140
1.8479666709899902,140
1.849759578704834,140
1.8515713214874268,140
1.8533666133880615,140
1.8551585674285889,140
1.856952428817749,140
1.858745813369751,140
1.8605358600616455,140
1.86232590675354,140
1.8641254901885986,140
1.8659226894378662,140
1.867717981338501,140
1.869535207748413,140
1.8713269233703613,140
1.8731207847595215,140
1.874908447265625,140
1.8767054080963135,140
1.8784983158111572,140
1.880293846130371,140
1.8820886611938477,140
1.8838789463043213,140
1.8856732845306396,140
1.8874640464782715,140
1.889258861541748,140
1.8910467624664307,140
1.8928375244140625,140
1.8946280479431152,140
1.8964240550994873,140
1.8982133865356445,140
1.900001049041748,140
1.9017930030822754,140
1.9035801887512207,140
1.9053704738616943,140
1.9071593284606934,140
1.9089593887329102,120
1.9107515811920166,120
1.9125399589538574,120
1.91432785987854,120
1.9161155223846436,120
1.9179065227508545,120
1.9196984767913818,120
1.9215106964111328,120
1.9233007431030273,120
1.9250924587249756,120
1.9268832206726074,120
1.9286892414093018,120
1.9304778575897217,120
1.9322667121887207,120
1.9340641498565674,120
1.9358513355255127,120
1.966132640838623,160
1.969097375869751,180
1.971985101699829,180
1.974961519241333,180
1.9778239727020264,180
1.980644702911377,180
1.9833426475524902,200
1.98616361618042,200
1.9889469146728516,200
1.991701602935791,200
1.9944560527801514,200
1.9972352981567383,200
1.9999091625213623,220
2.002769708633423,220
2.0054380893707275,220
2.008119821548462,220
2.0109455585479736,220
2.013737201690674,220
2.0164361000061035,240
2.019181251525879,240
2.021876811981201,240
2.0246150493621826,240
2.0272650718688965,240
2.030008554458618,240
2.032668352127075,240
2.0353517532348633,260
2.038076639175415,260
2.040731906890869,260
2.043367385864258,260
2.046093702316284,260
2.048778772354126,260
2.0514111518859863,260
2.054114818572998,280
2.056735038757324,280
2.0593345165252686,280
2.061978578567505,280
2.0645813941955566,280
2.0671558380126953,280
2.0698049068450928,280
2.072382688522339,280
2.0750107765197754,300
2.077613115310669,300
2.0801925659179688,300
2.082827091217041,300
2.0854179859161377,300
2.0879788398742676,300
2.090568780899048,300
2.0930893421173096,300
2.0956175327301025,320
2.098123073577881,320
2.100607395172119,320
2.103095293045044,320
2.105618953704834,320
2.108083486557007,320
2.110499143600464,320
2.1130824089050293,320
2.115396738052368,320
2.1176350116729736,320
2.119920015335083,320
2.122171640396118,320
2.1243317127227783,340
2.1264450550079346,340
2.1287500858306885,340
2.1310713291168213,340
2.133162498474121,340
2.1351606845855713,340
2.137286901473999,340
2.1392781734466553,340
2.1412410736083984,340
2.143153429031372,340
2.1450743675231934,340
2.1469523906707764,340
2.1487700939178467,340
2.150568723678589,340
2.1523654460906982,340
2.1541624069213867,340
2.155970811843872,320
2.1577677726745605,320
2.159562110900879,320
2.1613640785217285,320
2.163170337677002,320
2.164966344833374,320
2.1667609214782715,320
2.1685619354248047,320
2.1703543663024902,320
2.172153949737549,320
2.1739683151245117,320
2.1757607460021973,320
2.177560567855835,320
2.1793558597564697,320
2.1811554431915283,320
2.1829464435577393,320
2.184748411178589,320
2.1865413188934326,320
2.188342571258545,320
2.1901345252990723,300
2.1919357776641846,300
2.1937296390533447,300
2.195525884628296,300
2.1973352432250977,300
2.1991260051727295,300
2.2009315490722656,300
2.2027294635772705,300
2.2045247554779053,300
2.206320285797119,300
2.2081105709075928,300
2.2099151611328125,300
2.211719274520874,300
2.2135238647460938,300
2.215322732925415,300
2.21711802482605,300
2.2189137935638428,300
2.220712184906006,300
2.222508430480957,300
2.2243151664733887,300
2.2261133193969727,300
2.227910041809082,300
2.2297117710113525,280
2.231506109237671,280
2.233306884765625,280
2.2350986003875732,280
2.236905097961426,280
2.238715410232544,280
2.2405126094818115,280
2.242304801940918,280
2.2440989017486572,280
2.245894432067871,280
2.247682571411133,280
2.249486207962036,280
2.2512784004211426,280
2.2530739307403564,280
2.2548654079437256,280
2.256669759750366,280
2.258484363555908,280
2.2602851390838623,280
2.2620809078216553,280
2.2638728618621826,280
2.2656726837158203,280
2.2674663066864014,280
2.269261598587036,280
2.2710530757904053,280
2.272846221923828,260
2.2746422290802,260
2.276435613632202,260
2.2782256603240967,260
2.280019521713257,260
2.2818167209625244,260
2.2836074829101562,260
2.285405158996582,260
2.2871971130371094,260
2.2889933586120605,260
2.290785074234009,260
2.2925798892974854,260
2.2943737506866455,260
2.2961621284484863,260
2.29795503616333,260
2.2997450828552246,260
2.301558256149292,260
2.303351879119873,260
2.3051517009735107,260
2.306950092315674,260
2.3087480068206787,260
2.3105452060699463,260
2.3123550415039062,260
2.314145565032959,260
2.3159360885620117,260
2.317734718322754,260
2.319528818130493,240
2.3213326930999756,240
2.323126792907715,240
2.324937105178833,240
2.3267290592193604,240
2.328526496887207,240
2.330320358276367,240
2.332110643386841,240
2.333901882171631,240
2.3356997966766357,240
2.337508201599121,240
2.339296817779541,240
2.341092586517334,240
2.3428890705108643,240
2.3446881771087646,240
2.3464839458465576,240
2.3482961654663086,240
2.350101947784424,240
2.351900100708008,240
2.353703498840332,240
2.3554952144622803,240
2.357290029525757,240
2.359084129333496,240
2.3608992099761963,240
2.3626980781555176,240
2.364499807357788,240
2.3662965297698975,240
2.36808705329895,240
2.3698806762695312,240
2.371675968170166,240
2.3734865188598633,240
2.375279664993286,220
2.37709903717041,220
2.378899574279785,220
2.380690574645996,220
2.382484197616577,220
2.3842856884002686,220
2.386080503463745,220
2.3878695964813232,220
2.38966965675354,220
2.3914620876312256,220
2.393261671066284,220
2.39505672454834,220
2.3968563079833984,220
2.3986570835113525,220
2.4004580974578857,220
2.402254104614258,220
2.404059886932373,220
2.405853748321533,220
2.4076523780822754,220
2.4094743728637695,220
2.411264419555664,220
2.4130632877349854,220
2.4148569107055664,220
2.4166505336761475,220
2.418442726135254,220
2.4202356338500977,220
2.422039270401001,220
2.4238293170928955,220
2.4256293773651123,220
2.4274191856384277,220
2.429210901260376,220
2.430999279022217,220
2.432795524597168,220
2.434587240219116,200
2.4363784790039062,200
2.4381699562072754,200
2.4399640560150146,200
2.4417600631713867,200
2.4435973167419434,200
2.4454212188720703,200
2.4472146034240723,200
2.4490158557891846,200
2.4508163928985596,200
2.4526286125183105,200
2.4544246196746826,200
2.4562182426452637,200
2.4580512046813965,200
2.459848642349243,200
2.4616498947143555,200
2.4634461402893066,200
2.4652493000030518,200
2.46703839302063,200
2.4688360691070557,200
2.4706292152404785,200
2.4724206924438477,200
2.474212646484375,200
2.4760026931762695,200
2.477795124053955,200
2.4795846939086914,200
2.481377363204956,200
2.4831671714782715,200
2.4849612712860107,200
2.4867632389068604,200
2.488556385040283,200
2.4903440475463867,200
2.492133378982544,200
2.493928909301758,200
2.495718240737915,200
2.4975314140319824,200
2.4993221759796143,200
2.501115322113037,200
2.5029051303863525,200
2.504699945449829,200
2.5064921379089355,180
2.508310556411743,180
2.5101113319396973,180
2.5119166374206543,180
2.513714075088501,180
2.515514612197876,180
2.5173137187957764,180
2.5191075801849365,180
2.5209157466888428,180
2.5227108001708984,180
2.5245110988616943,180
2.5263326168060303,180
2.528139591217041,180
2.5299432277679443,180
2.531737804412842,180
2.5335354804992676,180
2.535325765609741,180
2.5371217727661133,180
2.538912296295166,180
2.5407097339630127,180
2.5425055027008057,180
2.5443034172058105,180
2.54609751701355,180
2.547891139984131,180
2.549685478210449,180
2.551483392715454,180
2.5532784461975098,180
2.555067539215088,180
2.556861639022827,180
2.5586657524108887,180
2.5604593753814697,180
2.562249183654785,180
2.5640382766723633,180
2.565851926803589,180
2.5676441192626953,180
2.5694644451141357,180
2.571259021759033,180
2.5730550289154053,180
2.5748472213745117,180
2.5766491889953613,180
2.578446388244629,180
2.5802407264709473,180
2.5820505619049072,180
2.5838398933410645,180
2.5856642723083496,180
2.587458610534668,180
2.5892579555511475,180
2.591047763824463,180
2.592844247817993,180
2.594637632369995,160
2.596428871154785,160
2.598217010498047,160
2.600003957748413,160
2.601796865463257,160
2.6035873889923096,160
2.605379819869995,160
2.6071674823760986,160
2.608957052230835,160
2.6107563972473145,160
2.61255145072937,160
2.6143500804901123,160
2.616145610809326,160
2.6179518699645996,160
2.6197683811187744,160
2.6215696334838867,160
2.6233673095703125,160
2.6251752376556396,160
2.6269748210906982,160
2.628772497177124,160
2.6305735111236572,160
2.6323726177215576,160
2.634169101715088,160
2.6359643936157227,160
2.6377694606781006,160
2.639578104019165,160
2.641383647918701,160
2.643184185028076,160
2.644993543624878,160
2.652628183364868,160
2.6544878482818604,160
2.6562907695770264,160
2.6581003665924072,160
2.6598973274230957,160
2.6616926193237305,160
2.663485050201416,160
2.6652822494506836,160
2.6670756340026855,160
2.66886830329895,160
2.6706655025482178,160
2.672457695007324,160
2.674248218536377,160
2.676036834716797,160
2.6778414249420166,160
2.6796298027038574,160
2.6814210414886475,160
2.683215618133545,160
2.685014486312866,160
2.6868042945861816,160
2.6886000633239746,160
2.690391778945923,160
2.6921818256378174,160
2.69399094581604,160
2.6957876682281494,160
2.6975812911987305,160
2.6993815898895264,160
2.7011773586273193,160
2.7029666900634766,160
2.704756736755371,160
2.7065494060516357,160
2.708388328552246,160
2.710183620452881,160
2.7119719982147217,160
2.7137715816497803,160
2.7155606746673584,160
2.7173569202423096,160
2.7191555500030518,160
2.720949411392212,160
2.722738265991211,160
2.724534511566162,160
2.7263245582580566,160
2.7281134128570557,160
2.7299070358276367,160
2.7317028045654297,160
2.733609199523926,160
2.7354047298431396,140
2.737203359603882,140
2.7389941215515137,140
2.7407944202423096,140
2.742588520050049,140
2.7443909645080566,140
2.7461817264556885,140
2.7479705810546875,140
2.7497711181640625,140
2.7515621185302734,140
2.753357410430908,140
2.7551491260528564,140
2.756943941116333,140
2.758734941482544,140
2.7605292797088623,140
2.7623229026794434,140
2.764112949371338,140
2.765903949737549,140
2.7677013874053955,140
2.769505739212036,140
2.7712950706481934,140
2.773089647293091,140
2.77488374710083,140
2.7766785621643066,140
2.7784860134124756,140
2.780294895172119,140
2.782095193862915,140
2.783888339996338,140
2.785686731338501,140
2.7874743938446045,140
2.7892684936523438,140
2.79106068611145,140
2.7928578853607178,140
2.7946484088897705,140
2.7964439392089844,140
2.7982332706451416,140
2.8000235557556152,140
2.8018171787261963,140
2.803609609603882,140
2.80540132522583,140
2.807192325592041,140
2.8089981079101562,140
2.810797929763794,140
2.8125929832458496,140
2.8143837451934814,140
2.8161730766296387,140
2.8179683685302734,140
2.8197567462921143,140
2.82155179977417,140
2.823352098464966,140
2.825144052505493,140
2.8269338607788086,140
2.8287343978881836,140
2.830526113510132,140
2.832326650619507,140
2.834120988845825,140
2.8359122276306152,140
2.837710380554199,140
2.839503765106201,140
2.8413002490997314,140
2.8430891036987305,140
2.8448972702026367,140
2.8466951847076416,140
2.848489284515381,140
2.8502800464630127,140
2.852156639099121,140
2.854051351547241,140
2.85587739944458,140
2.8577003479003906,140
2.859504222869873,140
2.861302375793457,140
2.8630943298339844,140
2.8649067878723145,140
2.866697311401367,140
2.868490219116211,140
2.8702785968780518,140
2.8720672130584717,140
2.873861312866211,140
2.875649929046631,140
2.877443790435791,140
2.879232883453369,140
2.8810231685638428,140
2.882812976837158,140
2.884601354598999,140
2.8863861560821533,120
2.8881750106811523,120
2.889965295791626,120
2.8917527198791504,120
2.8935458660125732,120
2.8953328132629395,120
2.897129774093628,120
2.8989200592041016,120
2.9007110595703125,120
2.902498245239258,120
2.904294729232788,120
2.9060914516448975,120
2.907883405685425,120
2.9096763134002686,120
2.9114670753479004,120
2.913259506225586,120
2.9150452613830566,120
2.9168426990509033,120
2.9186532497406006,120
2.92044734954834,120
2.9222373962402344,120
2.924027919769287,120
2.925833225250244,120
2.9276199340820312,120
2.9294159412384033,120
2.9312033653259277,120
2.932992696762085,120
2.934779644012451,120
2.9365742206573486,120
2.938363790512085,120
2.94014835357666,120
2.94193696975708,120
2.9437263011932373,120
2.945530414581299,120
2.947324275970459,120
2.9491209983825684,120
2.950913429260254,120
2.952702045440674,120
2.95448899269104,120
2.956275463104248,120
2.958082675933838,120
2.959869146347046,120
2.9616637229919434,120
2.963449716567993,120
2.9652512073516846,120
2.96703839302063,120
2.9688267707824707,120
2.9706215858459473,120
2.9724104404449463,120
2.974199056625366,120
2.975985527038574,120
2.9777755737304688,120
2.9795615673065186,120
2.9813528060913086,120
2.983138084411621,120
2.9849326610565186,120
2.9867234230041504,120
2.9885220527648926,120
2.9903087615966797,120
2.9920942783355713,120
2.9938864707946777,120
2.995671272277832,120
2.997473955154419,120
2.999260902404785,120
3.0010526180267334,120
3.0028369426727295,120
3.004628896713257,120
3.0064146518707275,120
3.0082015991210938,120
3.009991407394409,120
3.011781930923462,120
3.0135743618011475,120
3.015360116958618,120
3.017151117324829,120
3.0189414024353027,120
3.020730495452881,120
3.0225157737731934,120
3.024319648742676,120
3.0261125564575195,120
3.027899980545044,120
3.0296998023986816,120
3.0314860343933105,120
3.033275842666626,120
3.0350732803344727,120
3.0368707180023193,120
3.0386600494384766,120
3.0404515266418457,120
3.042238473892212,120
3.0440256595611572,120
3.0458147525787354,120
3.047602891921997,120
3.04939341545105,120
3.051185369491577,120
3.052975654602051,120
3.054763078689575,120
3.0565521717071533,120
3.0583395957946777,120
3.0601272583007812,120
3.061918020248413,120
3.063707113265991,120
3.0655016899108887,120
3.0672876834869385,120
3.0690805912017822,120
3.0708746910095215,120
3.0726773738861084,120
3.0744664669036865,120
3.076251268386841,120
3.078049421310425,120
3.0798394680023193,120
3.081634283065796,120
3.0834286212921143,120
3.085221529006958,120
3.087010383605957,120
3.0888047218322754,120
3.0905940532684326,120
3.0923871994018555,120
3.094172954559326,120
3.0959584712982178,120
3.0977492332458496,120
3.099538803100586,120
3.101330041885376,120
3.103116035461426,120
3.1049253940582275,120
3.1067111492156982,120
3.1085009574890137,120
3.110286235809326,120
3.1120874881744385,100
3.113878011703491,100
3.1156671047210693,100
3.117466926574707,100
3.1192514896392822,100
3.1211516857147217,100
3.123004674911499,100
3.12481689453125,100
3.126654863357544,100
3.128525972366333,100
3.1304421424865723,100
3.132267475128174,100
3.1341075897216797,100
3.135906457901001,100
3.1377506256103516,100
3.139582872390747,100
3.141390323638916,100
3.1431872844696045,100
3.1449854373931885,100
3.146782159805298,100
3.1486542224884033,100
3.1504690647125244,100
3.152273654937744,100
3.1540920734405518,100
3.155880928039551,100
3.1576781272888184,100
3.159473180770874,100
3.1612651348114014,100
3.1630518436431885,100
3.1648409366607666,100
3.1666336059570312,100
3.1684296131134033,100
3.170222043991089,100
3.1720130443573,100
3.1738083362579346,100
3.175595760345459,100
3.1773841381073,100
3.179171085357666,100
3.1809613704681396,100
3.182748556137085,100
3.184537649154663,100
3.1863224506378174,100
3.188105583190918,100
3.1898951530456543,100
3.1916823387145996,100
3.1934826374053955,100
3.1952781677246094,100
3.197072982788086,100
3.198861598968506,100
3.2006494998931885,100
3.202435255050659,100
3.2042200565338135,100
3.206008195877075,100
3.2077925205230713,100
3.2095823287963867,100
3.2113661766052246,100
3.213156223297119,100
3.2149405479431152,100
3.216728448867798,100
3.218514919281006,100
3.2203152179718018,100
3.222104072570801,100
3.223888874053955,100
3.225679874420166,100
3.2274696826934814,100
3.229264736175537,100
3.2310478687286377,100
3.232837200164795,100
3.2346253395080566,100
3.2364401817321777,100
3.2382283210754395,100
3.240013599395752,100
3.2418034076690674,100
3.2435879707336426,100
3.245396852493286,100
3.247188091278076,100
3.2489795684814453,100
3.250765562057495,100
3.252553939819336,100
3.2543413639068604,100
3.2561256885528564,100
3.2579150199890137,100
3.2597007751464844,100
3.261505126953125,100
3.263293743133545,100
3.2650837898254395,100
3.2668685913085938,100
3.2686567306518555,100
3.2704405784606934,100
3.2722249031066895,100
3.2740159034729004,100
3.275801181793213,100
3.2775962352752686,100
3.2793824672698975,100
3.2811737060546875,100
3.282961368560791,100
3.284749984741211,100
3.286536693572998,100
3.288332223892212,100
3.290119171142578,100
3.291905403137207,100
3.2936933040618896,100
3.295478105545044,100
3.297267198562622,100
3.2990517616271973,100
3.3008389472961426,100
3.3026275634765625,100
3.304415464401245,100
3.306199789047241,100
3.3079824447631836,100
3.3097829818725586,100
3.31156849861145,100
3.313354015350342,100
3.3151397705078125,100
3.316946268081665,100
3.318737030029297,100
3.320528507232666,100
3.322314500808716,100
3.324101209640503,100
3.325894355773926,100
3.3276846408843994,100
3.32948637008667,100
3.331272840499878,100
3.3330624103546143,100
3.334847927093506,100
3.3366386890411377,100
3.3384251594543457,100
3.34021258354187,100
3.34200119972229,100
3.3437883853912354,100
3.3455801010131836,100
3.377190351486206,140
3.380045175552368,140
3.3828794956207275,160
3.385709285736084,160
3.3883988857269287,160
3.3910956382751465,160
3.393899917602539,160
3.396663188934326,180
3.3994381427764893,180
3.4021964073181152,180
3.4049735069274902,180
3.4076578617095947,180
3.410405397415161,180
3.4130947589874268,200
3.415771245956421,200
3.418520212173462,200
3.4212002754211426,200
3.423842668533325,200
3.426619291305542,200
3.4293558597564697,220
3.4320566654205322,220
3.4348087310791016,220
3.4374144077301025,220
3.440049171447754,220
3.4427390098571777,220
3.4453723430633545,220
3.4480085372924805,240
3.4507288932800293,240
3.453338623046875,240
3.4559519290924072,240
3.458552122116089,240
3.4611260890960693,240
3.4637815952301025,260
3.4664034843444824,260
3.4690394401550293,260
3.4716546535491943,260
3.474287748336792,260
3.476875066757202,260
3.479501247406006,260
3.4821033477783203,260
3.48470401763916,280
3.487286329269409,280
3.4899213314056396,280
3.492509603500366,280
3.4950733184814453,280
3.49772047996521,280
3.5002481937408447,280
3.502845525741577,300
3.505460023880005,300
3.508007526397705,300
3.510592222213745,300
3.513221502304077,300
3.5157580375671387,300
3.5181009769439697,300
3.52116322517395,300
3.5233538150787354,300
3.5255134105682373,320
3.527658462524414,320
3.529780864715576,320
3.531782865524292,320
3.5338759422302246,320
3.5358030796051025,320
3.5377273559570312,320
3.539583444595337,320
3.5414700508117676,320
3.54341459274292,320
3.545304298400879,320
3.5473129749298096,320
3.549138069152832,320
3.5509426593780518,320
3.552752733230591,320
3.5545525550842285,320
3.5563604831695557,320
3.5581557750701904,320
3.5599520206451416,320
3.56178879737854,300
3.5636026859283447,300
3.5654358863830566,300
3.5672364234924316,300
3.569037675857544,300
3.5708537101745605,300
3.572654962539673,300
3.5744571685791016,300
3.576253652572632,300
3.5780670642852783,300
3.5798630714416504,300
3.581711769104004,300
3.58351731300354,300
3.5853209495544434,300
3.587115526199341,300
3.58892560005188,300
3.590735673904419,300
3.5925350189208984,300
3.594330072402954,300
3.596125841140747,300
3.5979251861572266,300
3.5997214317321777,280
3.6015217304229736,280
3.603318214416504,280
3.6051228046417236,280
3.606916904449463,280
3.6087162494659424,280
3.610511302947998,280
3.6123158931732178,280
3.6141159534454346,280
3.6159162521362305,280
3.617716073989868,280
3.6195120811462402,280
3.6213138103485107,280
3.623108148574829,280
3.624910354614258,280
3.6267101764678955,280
3.6285088062286377,280
3.6303048133850098,280
3.6321001052856445,280
3.633901357650757,280
3.6356985569000244,280
3.6375036239624023,280
3.6392972469329834,280
3.6410980224609375,280
3.642892837524414,260
3.6446897983551025,260
3.6464881896972656,260
3.6482977867126465,260
3.6500978469848633,260
3.6518938541412354,260
3.6537699699401855,260
3.655586004257202,260
3.6574788093566895,260
3.6593081951141357,260
3.661125421524048,260
3.663031578063965,260
3.664867401123047,260
3.6666829586029053,260
3.668490171432495,260
3.670297384262085,260
3.672171115875244,260
3.6740071773529053,260
3.6758241653442383,260
3.6776371002197266,260
3.679440498352051,260
3.681246042251587,260
3.683044672012329,260
3.684849739074707,260
3.686650037765503,260
3.6884570121765137,260
3.6902544498443604,260
3.692051410675049,260
3.6938529014587402,260
3.695647716522217,260
3.697449207305908,240
3.6992435455322266,240
3.7010464668273926,240
3.70284366607666,240
3.704641819000244,240
3.706437110900879,240
3.7082321643829346,240
3.7100307941436768,240
3.7118239402770996,240
3.713622808456421,240
3.715416193008423,240
3.7172141075134277,240
3.7190089225769043,240
3.7208080291748047,240
3.7226037979125977,240
3.7244017124176025,240
3.726196050643921,240
3.727989435195923,240
3.7298033237457275,240
3.731597900390625,240
3.7334015369415283,240
3.735193967819214,240
3.7369894981384277,240
3.7387852668762207,240
3.740582227706909,240
3.742377758026123,240
3.7441742420196533,240
3.74597430229187,240
3.7477686405181885,240
3.7495675086975098,240
3.751361608505249,220
3.753159761428833,220
3.7549550533294678,220
3.756753444671631,220
3.758546829223633,220
3.7603487968444824,220
3.7621467113494873,220
3.7639405727386475,220
3.765740156173706,220
3.767535924911499,220
3.769336223602295,220
3.7711360454559326,220
3.772935628890991,220
3.7747304439544678,220
3.776528835296631,220
3.7783234119415283,220
3.7801196575164795,220
3.781918525695801,220
3.78371262550354,220
3.785527229309082,220
3.787323474884033,220
3.789121150970459,220
3.7909138202667236,220
3.792712688446045,220
3.7945077419281006,220
3.7963106632232666,220
3.798110008239746,220
3.7999064922332764,220
3.801706314086914,220
3.803502321243286,220
3.805300712585449,220
3.807095766067505,220
3.808901309967041,220
3.810696840286255,220
3.8124990463256836,200
3.8142948150634766,200
3.816089153289795,200
3.817887783050537,200
3.8196804523468018,200
3.8214852809906006,200
3.8232781887054443,200
3.825080156326294,200
3.826873540878296,200
3.8286750316619873,200
3.830471992492676,200
3.8322668075561523,200
3.8340811729431152,200
3.83587646484375,200
3.837675094604492,200
3.8394699096679688,200
3.84126877784729,200
3.8430678844451904,200
3.8448638916015625,200
3.8466615676879883,200
3.848459243774414,200
3.8502540588378906,200
3.852048635482788,200
3.853851079940796,200
3.8556456565856934,200
3.8574435710906982,200
3.8592417240142822,200
3.8610427379608154,200
3.862837553024292,200
3.8646347522735596,200
3.8664286136627197,200
3.8682212829589844,200
3.870025873184204,200
3.8718347549438477,200
3.8736371994018555,200
3.8754327297210693,200
3.877230644226074,200
3.8790249824523926,200
3.880821704864502,200
3.8826167583465576,200
3.884416341781616,180
3.886214256286621,180
3.8880085945129395,180
3.889805555343628,180
3.8916015625,180
3.893399953842163,180
3.895209550857544,180
3.8970096111297607,180
3.898803472518921,180
3.9006032943725586,180
3.902400016784668,180
3.9041922092437744,180
3.905989408493042,180
3.9077837467193604,180
3.9095826148986816,180
3.911376476287842,180
3.913172960281372,180
3.9149672985076904,180
3.9167661666870117,180
3.91856050491333,180
3.920365810394287,180
3.92215895652771,180
3.9239559173583984,180
3.925755262374878,180
3.927548885345459,180
3.929344892501831,180
3.931138277053833,180
3.9329400062561035,180
3.9347317218780518,180
3.9365315437316895,180
3.938323974609375,180
3.940114974975586,180
3.9419124126434326,180
3.943707227706909,180
3.945514440536499,180
3.947307586669922,180
3.9491021633148193,180
3.9508965015411377,180
3.9526944160461426,180
3.954491138458252,180
3.95629620552063,180
3.958094596862793,180
3.959885597229004,180
3.9616827964782715,180
3.9634764194488525,180
3.965273857116699,180
3.967066526412964,180
3.9688615798950195,180
3.970656394958496,180
3.9724504947662354,160
3.9742448329925537,160
3.9760372638702393,160
3.977842330932617,160
3.9796392917633057,160
3.9814562797546387,160
3.9832513332366943,160
3.985051393508911,160
3.9868459701538086,160
3.988640069961548,160
3.990434408187866,160
3.992227554321289,160
3.9940245151519775,160
3.995817184448242,160
3.9976136684417725,160
3.9994077682495117,160
4.001203298568726,160
4.00299859046936,160
4.004793882369995,160
4.006585121154785,160
4.008379936218262,160
4.010172367095947,160
4.011965751647949,160
4.013760566711426,160
4.0155510902404785,160
4.01734733581543,160
4.019145250320435,160
4.020940780639648,160
4.022737264633179,160
4.024531841278076,160
4.0263237953186035,160
4.028116464614868,160
4.029912948608398,160
4.031704425811768,160
4.033507347106934,160
4.035299062728882,160
4.037094354629517,160
4.038886547088623,160
4.040682077407837,160
4.042475461959839,160
4.044265270233154,160
4.046068429946899,160
4.047860622406006,160
4.049655914306641,160
4.051448106765747,160
4.053258180618286,160
4.055053472518921,160
4.056849956512451,160
4.0586442947387695,160
4.060441970825195,160
4.0622358322143555,160
4.064030170440674,160
4.0658392906188965,160
4.067631006240845,160
4.069432735443115,160
4.071229934692383,160
4.0730273723602295,160
4.074820280075073,160
4.076617240905762,160
4.078411340713501,160
4.08020281791687,160
4.0820019245147705,140
4.0838024616241455,140
4.085597515106201,140
4.087392091751099,140
4.0891923904418945,140
4.090987682342529,140
4.092784404754639,140
4.094584226608276,140
4.096394062042236,140
4.098189353942871,140
4.0999839305877686,140
4.101785659790039,140
4.103579521179199,140
4.105374574661255,140
4.107166767120361,140
4.108964204788208,140
4.110756874084473,140
4.112555742263794,140
4.114348411560059,140
4.116140604019165,140
4.117936134338379,140
4.119730472564697,140
4.121535778045654,140
4.123331546783447,140
4.125130891799927,140
4.126927852630615,140
4.12873101234436,140
4.130526065826416,140
4.1323301792144775,140
4.134124994277954,140
4.1359169483184814,140
4.137711048126221,140
4.139502048492432,140
4.141295909881592,140
4.143091917037964,140
4.144903659820557,140
4.146695375442505,140
4.148494482040405,140
4.150288343429565,140
4.152079343795776,140
4.153879880905151,140
4.155673027038574,140
4.157477378845215,140
4.159271240234375,140
4.161067962646484,140
4.162863254547119,140
4.164659023284912,140
4.1664533615112305,140
4.168247222900391,140
4.170055866241455,140
4.171848297119141,140
4.173645973205566,140
4.175441741943359,140
4.177235126495361,140
4.179026365280151,140
4.1808226108551025,140
4.18262243270874,140
4.1844236850738525,140
4.186220645904541,140
4.188013076782227,140
4.189810276031494,140
4.191605567932129,140
4.193401575088501,140
4.195192813873291,140
4.196992874145508,140
4.198787450790405,140
4.200581789016724,140
4.202375411987305,140
4.204177141189575,140
4.205981016159058,140
4.207774877548218,140
4.209571361541748,140
4.211366176605225,140
4.213159799575806,140
4.214950084686279,140
4.216747760772705,140
4.2185423374176025,140
4.220345735549927,140
4.22214150428772,140
4.223935604095459,140
4.225736379623413,140
4.227530002593994,140
4.229327440261841,140
4.231119632720947,140
4.232929229736328,140
4.234726905822754,120
4.2365217208862305,120
4.238316297531128,120
4.240110874176025,120
4.241908073425293,120
4.243699550628662,120
4.245504856109619,120
4.247298955917358,120
4.249093055725098,120
4.250888347625732,120
4.252689361572266,120
4.254486083984375,120
4.256291389465332,120
4.258087396621704,120
4.259880781173706,120
4.261678218841553,120
4.263471841812134,120
4.265272378921509,120
4.2670745849609375,120
4.268882513046265,120
4.270682096481323,120
4.27248215675354,120
4.274275779724121,120
4.27606987953186,120
4.277875900268555,120
4.2796714305877686,120
4.281482219696045,120
4.283279895782471,120
4.285077095031738,120
4.286872148513794,120
4.288674592971802,120
4.290469646453857,120
4.292262554168701,120
4.294076681137085,120
4.295878648757935,120
4.297675371170044,120
4.299471139907837,120
4.301270008087158,120
4.3030641078948975,120
4.304860830307007,120
4.306658506393433,120
4.308464765548706,120
4.310259580612183,120
4.312052249908447,120
4.313850164413452,120
4.3156657218933105,120
4.31748628616333,120
4.319287061691284,120
4.321088552474976,120
4.32288932800293,120
4.324691534042358,120
4.326493263244629,120
4.328295707702637,120
4.330095052719116,120
4.331892251968384,120
4.333691120147705,120
4.335486173629761,120
4.337285995483398,120
4.33908224105835,120
4.340892791748047,120
4.342690944671631,120
4.344486713409424,120
4.346287965774536,120
4.348090887069702,120
4.349897861480713,120
4.3516929149627686,120
4.353514194488525,120
4.355307340621948,120
4.357106924057007,120
4.358901739120483,120
4.360699892044067,120
4.362493991851807,120
4.36430025100708,120
4.366096258163452,120
4.367891788482666,120
4.3696911334991455,120
4.371489524841309,120
4.37328839302063,120
4.3750834465026855,120
4.376893043518066,120
4.378689289093018,120
4.380488634109497,120
4.382282495498657,120
4.38407826423645,120
4.385878086090088,120
4.387671947479248,120
4.38947868347168,120
4.391282081604004,120
4.393081426620483,120
4.394876480102539,120
4.396690130233765,120
4.398487329483032,120
4.400293827056885,120
4.402100324630737,120
4.403900146484375,120
4.405701160430908,120
4.407498598098755,120
4.409311056137085,120
4.411107540130615,120
4.412921667098999,120
4.414720773696899,120
4.416516542434692,120
4.418316602706909,120
4.420109272003174,120
4.421910524368286,120
4.423705339431763,120
4.425513505935669,120
4.427308082580566,120
4.4291088581085205,120
4.430903434753418,120
4.4327232837677,120
4.434524297714233,120
4.436328649520874,120
4.438126564025879,120
4.439921855926514,120
4.441720247268677,120
4.443514108657837,120
4.445310831069946,120
4.447105169296265,120
4.448909759521484,120
4.450701951980591,120
4.452502727508545,120
4.454299449920654,120
4.456094026565552,120
4.457893133163452,120
4.459686517715454,120
4.461495399475098,120
4.463292121887207,120
4.465090274810791,120
4.46688437461853,120
4.468740463256836,120
4.4705729484558105,120
4.47238302230835,120
4.4741950035095215,120
4.4759979248046875,120
4.477802038192749,120
4.479601144790649,120
4.481403589248657,120
4.483201026916504,100
4.485001564025879,100
4.486799001693726,100
4.4885947704315186,100
4.490391492843628,100
4.492185354232788,100
4.4939844608306885,100
4.4957804679870605,100
4.4975807666778564,100
4.499372482299805,100
4.501165390014648,100
4.502958059310913,100
4.504755973815918,100
4.506548881530762,100
4.508352756500244,100
4.510149717330933,100
4.51194429397583,100
4.513739347457886,100
4.515539646148682,100
4.517338037490845,100
4.519132614135742,100
4.520943880081177,100
4.522746562957764,100
4.5245444774627686,100
4.526338338851929,100
4.528128385543823,100
4.529922008514404,100
4.531713247299194,100
4.533524513244629,100
4.535316705703735,100
4.537115097045898,100
4.538908958435059,100
4.540706157684326,100
4.542499303817749,100
4.5443034172058105,100
4.5461061000823975,100
4.547902822494507,100
4.54970908164978,100
4.551506757736206,100
4.553307294845581,100
4.555100202560425,100
4.556909561157227,100
4.558703184127808,100
4.560501337051392,100
4.562295436859131,100
4.564087390899658,100
4.565885543823242,100
4.5676798820495605,100
4.569487571716309,100
4.571280241012573,100
4.573078393936157,100
4.574873924255371,100
4.576689004898071,100
4.578482627868652,100
4.580276012420654,100
4.582082509994507,100
4.5838799476623535,100
4.5856773853302,100
4.5874717235565186,100
4.589266300201416,100
4.591061592102051,100
4.5928614139556885,100
4.594658374786377,100
4.5964577198028564,100
4.598258972167969,100
4.600050926208496,100
4.601849794387817,100
4.603643417358398,100
4.605441093444824,100
4.607236385345459,100
4.6090333461761475,100
4.610827922821045,100
4.612625360488892,100
4.614423036575317,100
4.616217613220215,100
4.618013143539429,100
4.619805335998535,100
4.621600866317749,100
4.623394966125488,100
4.625193357467651,100
4.626983880996704,100
4.628776788711548,100
4.630568981170654,100
4.6323676109313965,100
4.634161710739136,100
4.635959625244141,100
4.637755870819092,100
4.639553070068359,100
4.641350507736206,100
4.643143892288208,100
4.6449480056762695,100
4.646742582321167,100
4.674038410186768,140
4.6770148277282715,140
4.679833650588989,140
4.682793378829956,160
4.685591459274292,160
4.688350200653076,160
4.69109845161438,160
4.693967580795288,160
4.6966774463653564,180
4.6994524002075195,180
4.702184200286865,180
4.704925060272217,180
4.707632541656494,180
4.710348844528198,180
4.713089466094971,200
4.715881109237671,200
4.718713998794556,200
4.721479415893555,200
4.724144220352173,200
4.726907014846802,200
4.729657411575317,220
4.7323808670043945,220
4.735074281692505,220
4.737840890884399,220
4.740511894226074,220
4.743186950683594,220
4.745952129364014,240
4.7486491203308105,240
4.751306056976318,240
4.754089593887329,240
4.756859540939331,240
4.759573698043823,240
4.7623372077941895,240
4.765023708343506,260
4.767738103866577,260
4.7704691886901855,260
4.773167610168457,260
4.775841951370239,260
4.778517007827759,260
4.781233787536621,260
4.783886909484863,280
4.786597728729248,280
4.7892537117004395,280
4.791857719421387,280
4.794538497924805,280
4.7971436977386475,280
4.799775123596191,280
4.802441120147705,300
4.805053949356079,300
4.8076536655426025,300
4.810187578201294,300
4.812753677368164,300
4.815246343612671,300
4.817814588546753,300
4.820101022720337,300
4.822366237640381,300
4.8246026039123535,320
4.826792478561401,320
4.829003810882568,320
4.831125259399414,320
4.833225965499878,320
4.835275650024414,320
4.837273359298706,320
4.83920955657959,320
4.841192960739136,320
4.8431220054626465,320
4.84504771232605,320
4.846924066543579,320
4.848733186721802,320
4.850532054901123,320
4.852337121963501,320
4.854133129119873,320
4.855928421020508,320
4.857727766036987,320
4.859525442123413,320
4.861328125,320
4.863127946853638,320
4.8649351596832275,300
4.866731405258179,300
4.868528366088867,300
4.870319366455078,300
4.872111797332764,300
4.873906373977661,300
4.875699043273926,300
4.877501487731934,300
4.879296541213989,300
4.881098985671997,300
4.882900714874268,300
4.884700298309326,300
4.886502027511597,300
4.888315439224243,300
4.890116453170776,300
4.891909599304199,300
4.893709182739258,300
4.895504474639893,300
4.897301912307739,300
4.899096250534058,300
4.9009130001068115,300
4.902706623077393,300
4.9045045375823975,280
4.906298637390137,280
4.908092021942139,280
4.9098920822143555,280
4.911687612533569,280
4.913496255874634,280
4.915289402008057,280
4.917087554931641,280
4.918879508972168,280
4.920675039291382,280
4.922472953796387,280
4.924276113510132,280
4.926088571548462,280
4.927882194519043,280
4.929675340652466,280
4.931470155715942,280
4.933300733566284,280
4.935111045837402,280
4.936921834945679,280
4.938715219497681,280
4.940520524978638,280
4.942368745803833,280
4.944167375564575,280
4.945968151092529,280
4.947763442993164,260
4.949591636657715,260
4.951411485671997,260
4.953211069107056,260
4.95500636100769,260
4.9568030834198,260
4.958641290664673,260
4.960446834564209,260
4.962245225906372,260
4.964037179946899,260
4.965850114822388,260
4.9676501750946045,260
4.969451904296875,260
4.971250057220459,260
4.973052263259888,260
4.9748454093933105,260
4.976640462875366,260
4.9784345626831055,260
4.980226755142212,260
4.9820263385772705,260
4.983820915222168,260
4.9856181144714355,260
4.987412452697754,260
4.989208221435547,260
4.991002082824707,260
4.992797374725342,260
4.994590759277344,240
4.996386289596558,240
4.9981794357299805,240
4.999972581863403,240
5.0017688274383545,240
5.003560543060303,240
5.005356311798096,240
5.007174968719482,240
5.008974552154541,240
5.010771989822388,240
5.012570142745972,240
5.014364242553711,240
5.016157627105713,240
5.017954349517822,240
5.019747734069824,240
5.021541357040405,240
5.023334264755249,240
5.025130271911621,240
5.026921987533569,240
5.0287182331085205,240
5.030513763427734,240
5.032318353652954,240
5.034118175506592,240
5.035911560058594,240
5.037711143493652,240
5.039505958557129,240
5.041302680969238,240
5.043095827102661,240
5.044914960861206,240
5.046710014343262,220
5.048510313034058,220
5.050305128097534,220
5.052101135253906,220
5.05390739440918,220
5.0557026863098145,220
5.0575151443481445,220
5.059308767318726,220
5.0611348152160645,220
5.062934160232544,220
5.06473183631897,220
5.066526174545288,220
5.06833028793335,220
5.070127725601196,220
5.0719239711761475,220
5.073721408843994,220
5.075516700744629,220
5.077315330505371,220
5.079110145568848,220
5.080915451049805,220
5.082710027694702,220
5.084512233734131,220
5.086310148239136,220
5.088103532791138,220
5.089908599853516,220
5.0917041301727295,220
5.0935142040252686,220
5.095311164855957,220
5.097110271453857,220
5.0989038944244385,220
5.100702285766602,220
5.102495431900024,220
5.104297399520874,220
5.1060991287231445,220
5.107889652252197,220
5.109685897827148,200
5.1114795207977295,200
5.113277196884155,200
5.115068435668945,200
5.116861820220947,200
5.1186583042144775,200
5.1204516887664795,200
5.122244119644165,200
5.124036073684692,200
5.125839710235596,200
5.127633810043335,200
5.129435777664185,200
5.13123893737793,200
5.133035659790039,200
5.134829521179199,200
5.1366260051727295,200
5.138419151306152,200
5.1402130126953125,200
5.142009973526001,200
5.143803119659424,200
5.1456005573272705,200
5.147397756576538,200
5.14919638633728,200
5.1509881019592285,200
5.152784585952759,200
5.154577970504761,200
5.15637731552124,200
5.158170461654663,200
5.159963369369507,200
5.161760091781616,200
5.163559913635254,200
5.165359258651733,200
5.16715669631958,200
5.168954372406006,200
5.170748233795166,200
5.172550439834595,200
5.174345254898071,200
5.176136255264282,200
5.177933692932129,200
5.179731130599976,200
5.1815290451049805,180
5.183321475982666,180
5.18511700630188,180
5.186911582946777,180
5.188709735870361,180
5.19050931930542,180
5.192309617996216,180
5.1941046714782715,180
5.195896863937378,180
5.197693109512329,180
5.199484825134277,180
5.201279163360596,180
5.2030744552612305,180
5.204869508743286,180
5.206661939620972,180
5.208458185195923,180
5.210252285003662,180
5.212045669555664,180
5.213850736618042,180
5.215653657913208,180
5.217450380325317,180
5.21924352645874,180
5.221039772033691,180
5.222834587097168,180
5.2246413230896,180
5.226433038711548,180
5.228227376937866,180
5.23002815246582,180
5.231823921203613,180
5.233620643615723,180
5.235412836074829,180
5.237207889556885,180
5.239000082015991,180
5.240796089172363,180
5.242588043212891,180
5.244381904602051,180
5.246177911758423,180
5.247969150543213,180
5.249765872955322,180
5.251563549041748,180
5.253358840942383,180
5.2551562786102295,180
5.256951332092285,180
5.258746147155762,180
5.260541200637817,180
5.262334108352661,180
5.264127731323242,180
5.265922546386719,160
5.267717599868774,160
5.269518613815308,160
5.271310806274414,160
5.273105621337891,160
5.27489972114563,160
5.276697397232056,160
5.278487682342529,160
5.280301332473755,160
5.282098293304443,160
5.283890962600708,160
5.2856903076171875,160
5.287484884262085,160
5.289279222488403,160
5.291071176528931,160
5.292865037918091,160
5.294660806655884,160
5.296459197998047,160
5.298252582550049,160
5.300045013427734,160
5.301842212677002,160
5.303636789321899,160
5.305433034896851,160
5.307225465774536,160
5.309022426605225,160
5.310819149017334,160
5.312614917755127,160
5.314408779144287,160
5.316201448440552,160
5.317999839782715,160
5.319793701171875,160
5.3215906620025635,160
5.323385715484619,160
5.325181722640991,160
5.326975584030151,160
5.328770399093628,160
5.330563306808472,160
5.332357883453369,160
5.334151268005371,160
5.335944652557373,160
5.3377461433410645,160
5.339540004730225,160
5.341338157653809,160
5.343132972717285,160
5.344935178756714,160
5.346728801727295,160
5.348523139953613,160
5.35031533241272,160
5.352107524871826,160
5.35390305519104,160
5.3556952476501465,160
5.3575119972229,160
5.359304904937744,160
5.361101388931274,160
5.362890720367432,160
5.364692449569702,160
5.366485595703125,160
5.3682756423950195,160
5.37009596824646,160
5.371888160705566,160
5.373683929443359,160
5.375479698181152,160
5.3772804737091064,160
5.379077434539795,140
5.380889654159546,140
5.3826820850372314,140
5.384476661682129,140
5.386267423629761,140
5.3880627155303955,140
5.389869213104248,140
5.391665697097778,140
5.393476963043213,140
5.395298719406128,140
5.397098064422607,140
5.398895740509033,140
5.400692701339722,140
5.402483940124512,140
5.4042747020721436,140
5.406089544296265,140
5.407883644104004,140
5.4096808433532715,140
5.411472797393799,140
5.41326904296875,140
5.415061950683594,140
5.416858196258545,140
5.418651103973389,140
5.420453071594238,140
5.422248125076294,140
5.424039363861084,140
5.425856113433838,140
5.427649974822998,140
5.429444789886475,140
5.431240081787109,140
5.433039426803589,140
5.434831857681274,140
5.436626195907593,140
5.438422679901123,140
5.44021463394165,140
5.442012786865234,140
5.443805456161499,140
5.445603609085083,140
5.447397947311401,140
5.449194431304932,140
5.450985670089722,140
5.452782392501831,140
5.454578399658203,140
5.456372261047363,140
5.458167552947998,140
5.459960699081421,140
5.461766481399536,140
5.463559865951538,140
5.465355396270752,140
5.467148303985596,140
5.468948841094971,140
5.470759153366089,140
5.472559452056885,140
5.474353313446045,140
5.476149082183838,140
5.477947473526001,140
5.479740381240845,140
5.481538534164429,140
5.483330011367798,140
5.48512601852417,140
5.486919164657593,140
5.488711833953857,140
5.490504026412964,140
5.4923107624053955,140
5.4941086769104,140
5.495900869369507,140
5.497697830200195,140
5.49949312210083,140
5.501288414001465,140
5.503088712692261,140
5.504897117614746,140
5.506701707839966,140
5.50849723815918,140
5.5102927684783936,140
5.512084722518921,140
5.513881206512451,140
5.5156755447387695,140
5.517493724822998,140
5.519286870956421,140
5.521081447601318,140
5.522874116897583,140
5.5246734619140625,140
5.526465654373169,140
5.528256416320801,120
5.530060052871704,120
5.5318520069122314,120
5.533653497695923,120
5.535448789596558,120
5.537254333496094,120
5.539047479629517,120
5.540841817855835,120
5.5426366329193115,120
5.544437408447266,120
5.546243906021118,120
5.54803991317749,120
5.549857139587402,120
5.5516510009765625,120
5.5534491539001465,120
5.555242300033569,120
5.5570361614227295,120
5.5588297843933105,120
5.560624361038208,120
5.562416315078735,120
5.564209461212158,120
5.56600546836853,120
5.567796230316162,120
5.56959080696106,120
5.571386098861694,120
5.573180198669434,120
5.574971675872803,120
5.576767444610596,120
5.578558921813965,120
5.580365896224976,120
5.582160949707031,120
5.583954334259033,120
5.585822820663452,120
5.587662935256958,120
5.5894935131073,120
5.591301441192627,120
5.593106985092163,120
5.594910144805908,120
5.596712589263916,120
5.5985107421875,120
5.600322246551514,120
5.602118968963623,120
5.6039135456085205,120
5.605714797973633,120
5.607508897781372,120
5.609304428100586,120
5.611099481582642,120
5.612920761108398,120
5.614717721939087,120
5.616525411605835,120
5.618325471878052,120
5.620126962661743,120
5.621927499771118,120
5.6237218379974365,120
5.625520706176758,120
5.627320051193237,120
5.6291234493255615,120
5.630919694900513,120
5.63271689414978,120
5.634510040283203,120
5.636322259902954,120
5.638115644454956,120
5.639907598495483,120
5.641707897186279,120
5.643500328063965,120
5.645294666290283,120
5.647088527679443,120
5.648895740509033,120
5.650692462921143,120
5.652492046356201,120
5.654289484024048,120
5.656140565872192,120
5.657946825027466,120
5.6597442626953125,120
5.661549091339111,120
5.6633460521698,120
5.665151596069336,120
5.666947841644287,120
5.668756008148193,120
5.670551538467407,120
5.672353982925415,120
5.674147367477417,120
5.675939083099365,120
5.677739858627319,120
5.679533958435059,120
5.681331157684326,120
5.6831278800964355,120
5.684931993484497,120
5.686727523803711,120
5.68852424621582,120
5.690317153930664,120
5.692110300064087,120
5.693906545639038,120
5.69569993019104,120
5.697504758834839,120
5.699298858642578,120
5.701096296310425,120
5.702889442443848,120
5.7046873569488525,120
5.706481218338013,120
5.708288669586182,120
5.710101127624512,120
5.711895704269409,120
5.713698625564575,120
5.715493679046631,120
5.717289924621582,120
5.719085931777954,120
5.720903158187866,120
5.722698450088501,120
5.7244977951049805,120
5.7262914180755615,120
5.7280824184417725,120
5.72990083694458,120
5.731698274612427,120
5.733517169952393,120
5.735311508178711,120
5.737111806869507,120
5.738907337188721,120
5.740704536437988,120
5.742498874664307,120
5.744301795959473,120
5.746097564697266,120
5.747894525527954,120
5.749693155288696,120
5.751490831375122,120
5.753289699554443,120
5.755085468292236,120
5.756897211074829,120
5.758692741394043,120
5.760491132736206,120
5.762287616729736,120
5.76408052444458,120
5.765877962112427,120
5.767672538757324,120
5.769477128982544,120
5.7712695598602295,120
5.7730677127838135,100
5.7748634815216064,100
5.776659250259399,100
5.778453826904297,100
5.780249118804932,100
5.782053232192993,100
5.78384804725647,100
5.785648345947266,100
5.787446022033691,100
5.789257764816284,100
5.791051864624023,100
5.79285454750061,100
5.794649124145508,100
5.796447277069092,100
5.798241138458252,100
5.8000335693359375,100
5.801838636398315,100
5.803635358810425,100
5.8054327964782715,100
5.807227611541748,100
5.809029817581177,100
5.810824632644653,100
5.812621831893921,100
5.814418315887451,100
5.81621241569519,100
5.818016290664673,100
5.819811105728149,100
5.821609735488892,100
5.823404550552368,100
5.825202703475952,100
5.82699728012085,100
5.828795909881592,100
5.830589771270752,100
5.832388401031494,100
5.834188938140869,100
5.835984230041504,100
5.837783098220825,100
5.839578866958618,100
5.84137487411499,100
5.843174695968628,100
5.844976902008057,100
5.846781492233276,100
5.848586559295654,100
5.850396394729614,100
5.852198362350464,100
5.854006052017212,100
5.855803966522217,120
5.857611894607544,120
5.85941219329834,120
5.86121678352356,120
5.863018989562988,120
5.864888668060303,120
5.866693496704102,120
5.868499517440796,120
5.870301246643066,120
5.8720996379852295,120
5.873899459838867,120
5.875709295272827,120
5.877518653869629,120
5.87932276725769,120
5.881128787994385,120
5.882928848266602,120
5.8847527503967285,120
5.886563062667847,120
5.888366460800171,120
5.8901636600494385,120
5.891958475112915,120
5.893758058547974,120
5.895551681518555,120
5.897347927093506,120
5.899143934249878,120
5.900943756103516,120
5.90273904800415,120
5.904538869857788,120
5.906336545944214,120
5.908132791519165,120
5.909927129745483,120
5.91172194480896,120
5.913519859313965,120
5.915313482284546,120
5.9171223640441895,120
5.918915510177612,120
5.920716047286987,120
5.922510623931885,120
5.924319267272949,120
5.926117181777954,120
5.927908897399902,120
5.9297096729278564,120
5.931502342224121,120
5.933300256729126,120
5.93509578704834,120
5.936911106109619,120
5.938705921173096,120
5.940502643585205,120
5.942297697067261,120
5.944096326828003,120
5.9458935260772705,120
5.947687864303589,120
5.949501991271973,120
5.951294183731079,120
5.953089952468872,120
5.954883337020874,120
5.956686973571777,120
5.95849084854126,120
5.960305213928223,120
5.9621031284332275,120
5.963896036148071,120
5.9656970500946045,120
5.967489242553711,120
5.969285488128662,120
5.971078634262085,120
5.972883462905884,120
5.9746763706207275,120
5.976472854614258,120
5.978265762329102,120
5.980058193206787,120
5.981856822967529,120
5.983651161193848,120
5.9854490756988525,120
5.98724102973938,120
5.98903489112854,120
5.990826845169067,120
5.9926228523254395,120
5.9944140911102295,120
5.996206521987915,120
5.998002290725708,120
5.999803781509399,120
6.001601934432983,120
